Year	Clupea.harengus	Sprattus.sprattus	Ammodytidae	Callionymidae	other.Clupeiformes	other.Gadiformes	Gadus.morhua	Gasterosteidae	Gobiidae	Merlangius.merlangus	Pleuronectes.platessa	other.Pleuronectiformes	Scorpaniformes	Solea.solea	Syngnathidae	Zoarcidae	Osmeridae	Elasmobranchii	Eutrigla.gurnardus	Liparidae	Stichaeidae	Scombridae
1980	6.727431725	8.910855587	4.875197323	1.386294361	0	3.988984047	3.912023005	0	0	6.65415252	3.63758616	6.522092798	0.693147181	0	0	0	0	0.693147181	1.609437912	0	0	0
1981	6.406879986	7.156956365	0.693147181	1.609437912	0	4.094344562	3.688879454	0	0.693147181	6.64898455	4.369447852	6.391917113	0.693147181	1.098612289	0	0	0	1.098612289	2.833213344	0.693147181	1.791759469	0
1982	7.171656823	6.525029658	0.693147181	0.693147181	0	3.526360525	3.091042453	0.693147181	0.693147181	6.095824562	3.17805383	5.659482216	1.386294361	0	0	0	0	0.693147181	0.693147181	0	0	0
1983	8.019283793	7.584264818	0	1.609437912	0	3.044522438	3.850147602	0	0	5.147494477	4.158883083	6.778784898	1.098612289	0	0.693147181	0	0	1.098612289	2.397895273	0	0.693147181	0
1984	8.525954697	6.975413927	2.708050201	1.609437912	0	2.772588722	3.688879454	0	0	6.688354714	4.158883083	6.432940093	1.609437912	1.386294361	0	0	0	0.693147181	3.663561646	0	0	0
1985	8.743531634	6.642486801	0.693147181	0.693147181	0	4.127134385	3.091042453	1.386294361	3.135494216	5.860786223	4.204692619	6.300785795	1.386294361	1.098612289	0.693147181	0	0.2007616	1.386294361	2.197224577	0	0	0
1986	8.952217102	6.391917113	0.693147181	1.098612289	0	2.708050201	3.828641396	1.098612289	2.079441542	5.726847748	4.442651256	6.859614904	1.791759469	0.693147181	0	0.693147181	0.559615788	1.098612289	1.098612289	0	0	0.693147181
1987	8.458716262	7.076653815	0.693147181	1.609437912	0	3.135494216	4.356708827	1.098612289	2.890371758	6.88550967	4.9698133	7.418780883	2.48490665	0.693147181	0	0	1.516445046	1.791759469	0.693147181	0	0	0.693147181
1988	9.029537661	7.678326357	0.693147181	1.791759469	0	1.791759469	2.63905733	2.302585093	0.693147181	6.900730664	5.159055299	7.296413269	1.098612289	1.609437912	0	0	0	2.302585093	1.945910149	0	0	0
1989	8.494333897	7.135687347	1.609437912	2.397895273	0	2.772588722	2.564949357	3.871201011	1.791759469	6.466144724	5.159055299	7.518064181	2.564949357	1.098612289	1.098612289	0.693147181	0	1.098612289	3.044522438	0.693147181	0	0.693147181
1990	8.687104728	5.379897354	6.859614904	2.708050201	0.693147181	2.397895273	2.079441542	0.693147181	2.079441542	6.866933284	4.584967479	7.310550159	2.079441542	1.098612289	0	2.302585093	0	1.098612289	3.610917913	0.693147181	0	3.218875825
1991	8.400434631	7.80832305	2.197224577	2.397895273	0.693147181	2.833213344	2.197224577	0	1.791759469	7.760893196	3.36729583	7.196686571	2.079441542	1.945910149	0	1.609437912	0	1.386294361	3.583518938	0	0	0
1992	7.933438388	7.062191632	2.890371758	2.197224577	0	3.044522438	3.091042453	1.945910149	1.609437912	7.177018766	4.736198448	7.53369371	2.397895273	1.386294361	1.098612289	1.609437912	0	1.945910149	3.688879454	0	0	2.079441542
1993	7.916807491	7.946617563	2.564949357	2.302585093	0	2.833213344	2.564949357	0	2.890371758	6.300785795	4.110873864	7.218176838	2.564949357	1.098612289	2.302585093	1.098612289	0	1.609437912	3.295836866	0.693147181	1.386294361	0
1994	8.088254727	9.760252084	2.079441542	2.772588722	0	3.433987204	3.258096538	1.098612289	3.850147602	5.087596335	3.496507561	7.019296654	3.091042453	1.098612289	1.098612289	0	0	2.079441542	2.944438979	0.693147181	1.386294361	0
1995	7.994632311	9.200895913	1.098612289	2.564949357	0.693147181	2.48490665	2.197224577	1.098612289	2.944438979	5.934894196	3.988984047	7.784473236	2.63905733	1.386294361	1.791759469	1.945910149	0	2.197224577	3.784189634	0.693147181	0.693147181	0
1996	8.789660098	7.581209826	1.386294361	1.098612289	0	2.995732274	2.63905733	1.386294361	2.890371758	6.317164687	4.248495242	6.530877628	1.945910149	0.693147181	0.693147181	0	0	2.197224577	4.976733742	0	0.693147181	0
1997	8.708639656	6.915723449	2.63905733	1.098612289	0	1.386294361	3.465735903	2.63905733	3.828641396	3.663561646	3.80666249	6.70073111	3.044522438	2.197224577	0	0	0	1.098612289	2.079441542	1.098612289	0	0
1998	8.29154651	8.024534872	2.63905733	1.098612289	1.386294361	1.098612289	2.302585093	1.609437912	1.098612289	2.63905733	4.204692619	7.299121463	2.302585093	0.693147181	1.098612289	4.532599493	0	1.098612289	3.258096538	0.693147181	0.693147181	0.693147181
1999	7.021976423	8.697846691	1.386294361	2.079441542	1.098612289	2.397895273	2.197224577	0.693147181	2.397895273	5.164785974	4.605170186	6.898714534	2.079441542	1.098612289	1.098612289	0	0	1.791759469	3.737669618	1.098612289	1.098612289	0
2000	8.898365607	8.167919363	2.397895273	2.995732274	1.791759469	3.36729583	2.079441542	1.098612289	3.135494216	4.584967479	4.248495242	6.622736324	1.945910149	1.098612289	1.386294361	0	0	1.386294361	4.158883083	1.791759469	2.197224577	0
2001	8.836228572	8.429454277	3.526360525	1.386294361	1.098612289	2.079441542	1.098612289	0.693147181	2.197224577	6.02827852	4.477336814	6.742880636	1.791759469	0.693147181	1.945910149	2.944438979	0	0.693147181	3.433987204	0.693147181	2.079441542	0
2002	9.37763289	8.193676666	2.833213344	1.791759469	0.693147181	2.197224577	1.609437912	0	1.791759469	6.059123196	4.248495242	7.025538315	1.945910149	0.693147181	0.693147181	0.693147181	0	1.098612289	3.784189634	0.693147181	0	0.693147181
2003	8.374476889	8.347827346	2.079441542	2.564949357	0	2.833213344	1.386294361	1.945910149	4.382026635	4.605170186	4.276666119	7.302496424	2.079441542	0.693147181	3.135494216	1.098612289	0	1.791759469	4.804021045	1.098612289	1.945910149	0
2004	8.232971791	7.689371108	1.609437912	1.791759469	3.761200116	2.079441542	1.945910149	1.791759469	4.934473933	2.995732274	3.912023005	7.865187954	2.397895273	0.693147181	2.63905733	1.386294361	0	2.197224577	5.257495372	0.693147181	2.944438979	0.693147181
2005	7.03438793	9.572341109	1.098612289	2.079441542	1.945910149	2.48490665	1.945910149	1.386294361	3.737669618	3.044522438	4.060443011	7.122059882	3.044522438	0.693147181	1.791759469	1.386294361	0	2.079441542	4.158883083	1.386294361	2.397895273	1.098612289
2006	8.142645186	7.522940918	3.091042453	1.386294361	1.791759469	2.079441542	1.791759469	5.433722004	2.302585093	3.737669618	4.86753445	7.075808864	2.564949357	0.693147181	1.386294361	1.791759469	0	2.079441542	5.278114659	1.098612289	0	0.693147181
2007	8.506334448	8.050703381	1.386294361	2.079441542	3.761200116	2.197224577	1.386294361	0	1.791759469	3.218875825	4.770684624	7.103322063	2.564949357	0.693147181	2.63905733	1.791759469	0	2.079441542	4.997212274	1.098612289	2.564949357	0
2008	9.167328481	8.112827479	1.945910149	2.302585093	2.63905733	2.302585093	1.945910149	0.693147181	1.386294361	5.252273428	5.111987788	7.390798522	2.890371758	0.693147181	2.197224577	1.098612289	0	1.609437912	5.690359454	0.693147181	1.098612289	0
2009	9.003562175	8.855378246	2.397895273	0.693147181	1.386294361	1.098612289	1.386294361	1.609437912	0.693147181	4.762173935	5.463831805	6.997595983	2.708050201	0.693147181	0.693147181	2.197224577	0	1.386294361	4.276666119	0.693147181	0.693147181	0.693147181
2010	7.629975707	9.456653425	5.549076085	1.609437912	0.693147181	1.945910149	1.609437912	0.693147181	3.135494216	3.713572067	5.476463552	6.452048954	2.564949357	0.693147181	2.197224577	0	0	1.098612289	3.891820298	0.693147181	0.693147181	0.693147181
2011	9.495895183	8.249313746	3.80666249	0.693147181	1.945910149	1.609437912	1.609437912	3.912023005	1.609437912	4.691347882	5.81711116	6.665683718	2.48490665	0.693147181	2.708050201	0	0	0.693147181	4.96284463	1.098612289	0.693147181	0.693147181
2012	8.266164437	8.972336958	1.098612289	1.609437912	1.791759469	2.197224577	1.386294361	1.386294361	2.772588722	3.891820298	5.655991811	7.249925537	2.833213344	0.693147181	2.397895273	2.63905733	0.828770134	1.609437912	5.488937726	0.693147181	1.386294361	3.295836866
2013	8.937087036	8.925188429	3.33220451	1.386294361	2.944438979	2.48490665	1.386294361	0.693147181	2.564949357	3.33220451	5.214935758	7.215975003	2.564949357	0.693147181	2.63905733	0	0	0.693147181	4.543294782	0.693147181	0	0
2014	9.266815219	9.402199633	1.098612289	1.609437912	2.63905733	2.079441542	1.609437912	0.693147181	1.609437912	3.713572067	5.010635294	7.512071246	2.48490665	0.693147181	1.609437912	0.693147181	0	1.386294361	4.574710979	1.098612289	0.693147181	0.693147181
2015	9.642122788	9.866979158	5.129898715	2.079441542	4.727387819	2.079441542	1.791759469	1.945910149	2.708050201	4.634728988	5.087596335	7.478169694	2.397895273	0.693147181	1.945910149	1.945910149	0	1.386294361	5.407171771	0.693147181	0	1.791759469
2016	8.355850041	9.108750516	1.386294361	2.079441542	3.433987204	1.945910149	1.609437912	2.079441542	2.772588722	5.568344504	5.075173815	7.738488122	2.397895273	0.693147181	2.564949357	2.397895273	0	2.079441542	5.676753802	1.098612289	0	0.693147181
2017	9.326165937	9.917686272	2.48490665	1.098612289	1.098612289	2.564949357	1.791759469	1.791759469	0.693147181	6.483107351	4.859812404	6.852242569	1.609437912	0.693147181	1.098612289	1.386294361	0.405465108	1.098612289	5.96870756	0	0	2.48490665